Plaintext,Randomdigit,Randomtext,6x6 Bifid,6x6 Playfair,Amsco,Bazeries,Beaufort,Bifid6,Bifid7,Cadenus,CM Bifid,Columnar,Digrafid,Double CheckerBoard,Four Square,FracMorse,Grandpre,Grille,Gromark,Gronsfeld,Homophonic,Monome Dinome,Morbit,Myszkowski,Nicodemus,Nihilist Sub,Nihilist Transp,Patristocrat,Phillips,Periodic Gromark,Playfair,Pollux,Porta,Portax,Progressive Key,Prog Key Beaufort,Quagmire2,Quagmire3,Quagmire4,Ragbaby,Redefence,Running Key,Seriated Playfair,Swagman,Tridigital,Trifid,Tri-Square,Tri-Square HR,Two Square,Two Square Spiral,Vig Autokey,Vigenere,Period 7 Vigenere,Vig Slidefair,Route Transp
63 100 38 35 42 63 64 42 47 47 63 47 63 41 90 48 47 128 63 39 40 101 124 122 63 42 144 63 63 49 38 50 100 41 42 38 38 41 42 41 41 63 39 48 62 122 42 43 43 49 47 39 42 42 40 63
5 2 1 4 4 5 4 3 4 4 5 4 5 3 13 3 2 3 5 1 2 1 7 4 5 3 11 5 5 3 1 4 0 2 2 1 1 2 2 2 1 5 4 3 5 8 3 2 1 3 3 1 2 3 2 5
73 108 44 47 51 72 74 67 58 58 74 57 73 53 133 58 53 136 74 46 66 108 134 129 72 50 201 73 73 58 45 60 103 66 51 45 45 65 66 65 49 72 56 56 72 134 53 51 52 60 59 45 65 67 63 73
11 8 5 9 9 10 13 9 10 9 11 9 11 7 18 9 8 7 12 7 8 6 11 7 10 7 23 12 11 8 7 9 2 9 7 6 6 8 9 8 8 10 18 9 11 15 8 5 5 8 8 6 8 9 9 11
95 132 60 62 67 94 94 78 75 77 95 75 96 67 149 76 70 158 91 63 76 127 169 156 95 73 195 97 95 74 63 79 121 74 66 63 63 75 76 75 71 94 74 75 90 161 68 64 65 77 76 62 74 78 72 92
19 16 12 16 15 19 20 17 15 17 17 15 18 13 23 15 15 15 16 13 19 13 19 16 18 14 30 18 19 16 14 18 9 16 14 13 14 15 18 18 14 16 22 19 17 22 14 11 11 16 15 12 15 17 16 17
72 100 14 14 32 44 60 23 24 24 40 23 41 17 110 36 42 179 42 15 21 116 249 193 41 18 218 41 72 32 14 38 105 22 18 14 14 21 22 21 18 41 16 25 39 195 18 21 21 36 34 15 22 23 18 46
18 8 2 5 9 10 15 5 6 6 9 5 8 4 30 8 9 15 9 3 5 7 36 15 8 4 33 9 18 7 3 9 2 6 3 3 3 5 5 5 4 10 8 6 7 29 5 3 3 9 7 3 6 5 4 14
73 98 14 14 72 43 61 23 24 23 41 23 41 20 207 72 43 227 43 15 25 160 252 194 41 18 266 40 73 32 15 72 105 25 19 13 14 25 24 23 18 43 16 25 39 197 18 21 21 72 72 14 26 23 25 47
24 15 5 8 24 13 20 9 8 8 13 9 12 7 58 24 13 39 14 6 11 15 43 25 13 7 42 13 24 10 6 24 4 11 8 5 6 10 10 10 6 16 15 9 12 37 8 6 5 24 24 5 11 8 9 18
22 21 5 4 11 11 17 9 7 7 10 6 11 5 25 11 16 33 10 4 9 24 45 38 11 5 38 10 22 11 4 12 23 9 6 4 4 8 8 8 6 10 4 7 10 38 6 7 7 11 11 4 8 9 6 12
5 3 3 3 5 4 5 4 4 4 4 4 4 3 5 4 3 3 4 3 4 2 5 2 4 3 4 4 5 4 3 4 1 4 3 3 3 4 4 4 4 4 5 4 4 4 3 2 3 4 4 3 4 4 3 6
50 50 50 49 25 50 49 50 48 49 49 50 50 43 13 28 50 43 49 50 42 42 49 49 49 50 40 50 50 49 48 32 50 42 48 49 49 42 43 44 49 49 49 49 50 49 51 49 50 28 25 50 42 50 40 50
6 3 10 12 9 8 5 10 10 9 9 10 7 11 7 8 7 3 7 12 14 2 2 2 7 10 6 9 6 9 11 8 1 13 12 14 12 14 12 13 11 7 19 8 6 3 12 6 7 8 9 12 13 10 11 7
756 0 428 298 243 688 477 443 510 517 657 493 653 469 609 507 444 0 679 431 444 0 0 0 657 442 0 654 414 424 428 491 0 432 442 428 429 431 444 440 473 653 445 484 650 0 462 503 512 542 501 434 438 437 436 675
13 0 23 53 57 15 44 32 36 37 17 31 16 33 44 33 32 0 16 26 27 0 0 0 18 35 0 17 57 37 26 42 0 35 24 24 26 32 36 33 23 18 35 38 18 0 37 23 23 33 36 23 33 34 34 33
303 0 109 71 63 188 112 113 119 118 134 114 128 112 133 114 107 0 173 109 111 0 0 0 135 112 0 129 106 106 108 118 0 111 113 109 109 109 110 111 112 128 107 115 135 0 112 119 120 121 119 111 106 108 112 162
23 0 14 16 19 17 21 15 16 17 18 16 15 15 19 16 17 0 17 15 15 0 0 0 18 15 0 17 23 17 16 19 0 16 13 15 14 16 17 17 15 15 23 17 16 0 15 14 13 18 17 16 16 17 15 50
4 7 8 7 4 6 7 5 7 3 6 8 7 9 3 7 3 9 8 9 6 7 6 5 7 4
7 4 2 0 8 1 1 1 6 3 0 7 2 1 7 1 0 6 5 3 7 1 2 0 6 0
8 2 5 2 7 3 2 8 7 2 7 6 2 1 8 2 2 6 4 7 6 1 3 0 4 0
7 6 5 6 8 6 5 5 8 4 3 6 6 5 7 5 3 6 7 7 6 5 6 0 6 2
9 7 8 8 8 7 6 6 7 4 5 8 7 9 7 7 5 9 9 8 5 7 7 6 7 3
7 4 5 3 7 6 4 4 7 2 2 6 5 3 8 4 0 7 5 7 6 2 4 0 5 0
7 5 5 4 7 5 5 7 7 3 2 6 5 5 7 5 2 7 6 6 6 3 5 0 5 1
8 5 4 4 9 4 3 4 8 3 1 5 5 4 8 4 2 6 5 7 6 2 5 0 5 0
7 5 8 7 7 7 7 4 4 2 5 8 7 9 7 6 4 7 8 8 4 7 3 5 0 5
5 0 0 0 4 0 0 0 3 0 0 0 0 0 5 0 0 0 0 0 6 0 0 0 0 0
5 4 3 2 7 4 2 4 6 2 2 4 3 6 5 3 1 3 6 5 3 0 4 0 5 0
8 5 5 7 8 5 4 4 8 2 5 8 5 4 8 5 2 4 6 6 6 5 5 0 7 1
8 6 4 3 8 4 2 4 7 1 0 4 6 4 7 6 1 3 6 5 6 1 4 0 6 0
8 6 7 8 8 6 9 6 8 4 6 6 5 6 8 5 3 5 8 9 6 5 6 3 6 2
6 6 7 7 6 8 6 6 6 3 6 7 8 9 7 7 3 9 7 8 9 6 8 4 5 3
7 3 3 3 7 3 2 6 7 2 1 7 3 2 7 6 0 7 6 6 6 0 3 0 4 0
0 0 0 0 0 0 0 0 0 0 0 0 0 0 0 0 0 0 0 0 6 0 0 0 0 0
8 6 6 7 9 6 6 5 8 3 6 6 6 6 8 6 3 6 8 8 6 5 6 0 7 1
8 6 7 6 8 6 5 7 8 4 6 6 6 6 8 7 4 5 8 9 7 4 7 0 6 2
8 6 6 5 8 6 5 9 8 3 3 6 6 5 9 6 2 7 8 8 7 4 7 0 7 2
6 6 7 6 6 4 6 4 6 2 3 7 7 8 5 6 0 8 8 8 3 3 4 3 4 3
6 1 0 0 8 0 0 0 7 0 0 0 0 0 5 0 0 0 1 0 2 1 0 0 3 0
7 3 3 4 7 3 2 8 7 2 2 4 4 6 7 3 0 5 5 5 2 1 4 0 3 1
4 1 4 2 4 2 0 3 5 1 0 1 1 0 3 5 0 1 2 5 2 0 2 2 3 0
6 6 6 6 6 6 5 5 6 3 3 5 6 5 8 6 3 5 7 6 4 3 6 2 4 2
4 0 0 0 5 0 0 0 3 0 0 2 0 0 3 0 0 0 1 0 2 0 0 0 4 4
 
0 3 4 2 0 0 1 0 0 0 4 5 2 6 0 2 0 4 4 3 0 6 0 0 3 5
0 0 0 0 6 0 0 0 0 9 0 7 0 0 0 0 0 0 0 0 7 0 0 0 7 0
3 0 0 0 2 0 0 6 0 0 8 0 0 0 6 0 5 0 0 0 3 0 0 0 0 0
1 6 0 0 1 0 0 0 4 4 0 0 0 0 0 0 0 0 0 1 0 0 4 0 1 0
0 0 4 5 0 0 0 0 0 3 0 0 3 2 0 3 6 5 4 0 0 4 3 8 0 0
3 0 0 0 0 5 0 0 2 1 0 0 0 0 5 0 0 2 0 4 1 0 0 0 0 0
2 0 0 0 1 0 0 6 1 0 0 0 0 0 2 0 0 1 0 0 2 0 0 0 0 0
5 0 0 0 7 0 0 0 5 0 0 0 0 0 0 0 0 0 0 0 0 0 0 0 0 0
0 0 5 0 0 0 4 0 0 0 1 1 3 7 0 0 0 0 5 3 0 5 0 0 0 8
0 0 0 0 6 0 0 0 0 0 0 0 0 0 5 0 0 0 0 0 9 0 0 0 0 0
0 0 0 0 6 0 0 0 5 0 0 0 0 4 0 0 0 0 0 0 0 0 1 0 0 0
2 0 0 4 2 0 0 0 3 0 0 7 0 0 0 0 0 0 0 0 0 0 0 0 7 0
5 5 0 0 5 0 0 0 2 0 0 0 0 0 2 6 0 0 0 0 2 0 0 0 6 0
0 0 4 7 0 0 8 0 0 2 2 0 0 0 0 0 3 0 0 4 0 0 0 0 0 0
0 2 0 0 0 8 0 0 0 0 4 0 5 5 0 2 0 4 0 0 7 4 5 0 0 0
3 0 0 0 3 0 0 0 0 0 0 5 0 0 5 7 0 6 0 0 3 0 0 0 0 0
0 0 0 0 0 0 0 0 0 0 0 0 0 0 0 0 0 0 0 0 9 0 0 0 0 0
1 0 0 0 4 0 0 0 2 0 4 0 0 0 2 0 0 0 0 0 0 0 0 0 5 0
1 1 0 0 0 0 0 1 2 0 0 0 0 0 1 4 4 0 1 4 2 0 4 0 0 0
0 0 0 0 0 0 0 8 3 0 0 0 0 0 3 0 0 0 0 0 0 0 2 0 0 0
0 4 3 0 0 0 5 0 0 0 0 6 2 3 0 6 0 6 5 3 0 0 0 0 0 6
0 0 0 0 8 0 0 0 4 0 0 0 0 0 0 0 0 0 0 0 0 0 0 0 0 0
6 0 0 0 2 0 0 6 6 0 0 0 0 0 2 0 0 0 0 0 0 0 0 0 0 0
3 0 7 0 1 0 0 0 2 0 0 0 0 0 0 9 0 0 0 5 0 0 0 6 0 0
1 6 2 0 0 2 0 0 0 6 0 0 2 0 6 2 1 0 2 1 0 0 6 0 0 0
2 0 0 0 8 0 0 0 0 6 0 1 0 0 0 0 0 0 0 0 0 0 0 0 0 9
